01 马克强 201321030101 130599010101 
02 刘东 201321030106 130599010102 
03 潘沛霖 201321030107 130599010103 
04 刘勇 201321030108 130599010104 
05 石凤骄 201321030111 130599010105 
06 段敏 201321030112 130599010106 
07 贾旺旺 201321030113 130599010107 
08 邹昱 201321030114 130599010108 
09 李甜 201321030115 130599010109 
10 柴东阳 201321030118 130599010110 
11 刘志华 201321030119 130599010111 
12 张盼盼 201321030120 130599010112 
13 张孟 201321030121 130599010113 
14 周亚运 201321030122 130599010114 
15 杨昀 201321030123 130599010115 
16 王伟 201321030124 130599010116 
17 朱马 201321030125 130599010117 
18 孟志俊 201321030126 130599010118 
19 雷晓 201321030128 130599010119 
20 孙占杰 201321030129 130599010120 
21 张易 201321030130 130599010121 
22 刘葳 201321030131 130599010122 
23 于炎宏 201321030133 130599010123 
24 吴辉贵 201321030134 130599010124 
25 李亮 201321030135 130599010125 
26 熊佳云 201321030201 130599010126 
27 傅晓锦 201321030202 130599010127 
28 施宜军 201321030205 130599010128 
29 刘朝阳 201321030206 130599010129 
30 李震洋 201321030207 130599010130 
31 李妍月 201321030211 130599010131 
32 张晓菲 201321030212 130599010132 
33 甘志 201321030213 130599010133 
34 梁坤元 201321030214 130599010134 
35 周义明 201321030217 130599010135 
01 梁湛 201321030218 130599010201 
02 郭绪阳 201321030219 130599010202 
03 王裕如 201321030220 130599010203 
04 袁福润 201321030221 130599010204 
05 付奎 201321030223 130599010205 
06 万立 201321030224 130599010206 
07 尤帅 201321030225 130599010207 
08 伍济 201321030229 130599010208 
09 陈钱 201321030230 130599010209 
10 刘永 201321030231 130599010210 
11 蔡果 201321030232 130599010211 
12 朱章丹 201321030233 130599010212 
13 曹灿华 201321030235 130599010213 
14 王军科 201321030236 130599010214 
15 张翔 201321030237 130599010215 
16 杨东杰 201321030238 130599010216 
17 包毅 201321030239 130599010217 
18 周才强 201321030240 130599010218 
19 谭桥 201321030241 130599010219 
20 刘建平 201321030242 130599010220 
21 陈博文 201321030243 130599010221 
22 靳旸 201321030244 130599010222 
23 张彦辉 201321030245 130599010223 
24 陈钢 201321030247 130599010224 
25 李阳 201321030248 130599010225 
26 沈逸骅 201321030249 130599010226 
27 张康 201321030250 130599010227 
28 杨力 201321030253 130599010228 
29 牛博 201321030254 130599010229 
30 若文章 201321030255 130599010230 
31 王潇雨 201321030256 130599010231 
32 李丹 201321030257 130599010232 
33 奚冬杰 201321030259 130599010233 
34 王军 201321030260 130599010234 
35 卢慕婷 201321030261 130599010235 
01 冯捷斐 201321030262 130599010301 
02 于化蛟 201321030263 130599010302 
03 施金飞 201321030265 130599010303 
04 章志海 201321030266 130599010304 
05 艾鑫 201321030267 130599010305 
06 刘洋 201321030301 130599010306 
07 胡兵 201321030302 130599010307 
08 赵智达 201321030303 130599010308 
09 鲁占朝 201321030304 130599010309 
10 卢骏 201321030305 130599010310 
11 汪鹏 201321030306 130599010311 
12 胡荣炎 201321030307 130599010312 
13 廖天澄 201321030308 130599010313 
14 毛冬冬 201321030309 130599010314 
15 黎涛 201321030310 130599010315 
16 姚远 201321030311 130599010316 
17 朱宏才 201321030312 130599010317 
18 马利峰 201321030313 130599010318 
19 张洪 201321030316 130599010319 
20 阎哲 201321030317 130599010320 
21 张曾洋 201321030318 130599010321 
22 王伟涛 201321030319 130599010322 
23 张亚东 201321030320 130599010323 
24 许芮铭 201321030321 130599010324 
25 龚小云 201321030325 130599010325 
26 王一军 201321030326 130599010326 
27 杨琦 201321030327 130599010327 
28 范国亮 201321030328 130599010328 
29 张华拓 201321030329 130599010329 
30 代辛恩 201321030330 130599010330 
31 万超 201321030331 130599010331 
32 付烟林 201321030332 130599010332 
33 郭骏雄 201321030338 130599010333 
34 王超 201321030339 130599010334 
35 侯江 201321030340 130599010335 
01 张明 201321030341 130599010401 
02 卢凯 201321030401 130599010402 
03 李晓梅 201321030402 130599010403 
04 王宇轩 201321030404 130599010404 
05 龙泉吟 201321030407 130599010405 
06 牛娜 201321030408 130599010406 
07 司峰 201321030410 130599010407 
08 罗健 201321030412 130599010408 
09 周冬 201321030413 130599010409 
10 杨俊 201321030415 130599010410 
11 杨熙 201321030416 130599010411 
12 郭霞 201321030417 130599010412 
13 段棣南 201321030418 130599010413 
14 段成柱 201321030419 130599010414 
15 龚雨庭 201321030420 130599010415 
16 张玉芹 201321030421 130599010416 
17 杨新石 201321030422 130599010417 
18 付飞 201321030423 130599010418 
19 宋欣波 201321030424 130599010419 
20 幸代鹏 201321030425 130599010420 
21 杨柯 201321030426 130599010421 
22 任帅 201321030427 130599010422 
23 王晨阳 201321030429 130599010423 
24 晏超贻 201321030430 130599010424 
25 黄志硕 201321030431 130599010425 
26 邓言文 201321030432 130599010426 
27 吴伟杰 201321030434 130599010427 
28 周依琳 201321030435 130599010428 
29 张平 201321030437 130599010429 
30 姜建英 201321030438 130599010430 
31 陈果 201321030439 130599010431 
32 刘经斌 201321030440 130599010432 
33 吴勤勤 201321030441 130599010433 
34 俞玉澄 201321030443 130599010434 
35 王睿 201321030444 130599010435 
01 韩方彬 201321030446 130599010501 
02 房丽彬 201321030447 130599010502 
03 王亦然 201321030448 130599010503 
04 郑林辉 201321030449 130599010504 
05 刘小辉 201321030450 130599010505 
06 刘浩 201321030502 130599010506 
07 邓意峰 201321030503 130599010507 
08 万亚东 201321030504 130599010508 
09 王大勇 201321030505 130599010509 
10 郑鑫 201321030506 130599010510 
11 王璐璘 201321030507 130599010511 
12 熊琦 201321030509 130599010512 
13 宫岩坤 201321030510 130599010513 
14 樊午洋 201321030511 130599010514 
15 蒋卫 201321030513 130599010515 
16 王娟娟 201321030514 130599010516 
17 刘结 201321030515 130599010517 
18 郭睿 201321030516 130599010518 
19 王庆 201321030517 130599010519 
20 艾远飞 201321030520 130599010520 
21 任武洋 201321030521 130599010521 
22 屈银东 201321030522 130599010522 
23 郑泽锐 201321030524 130599010523 
24 丁庆华 201321030525 130599010524 
25 张燕 201321030526 130599010525 
26 江飞鹏 201321030527 130599010526 
27 张磊 201321030529 130599010527 
28 邓有杰 201321030531 130599010528 
29 涂宽 201321030534 130599010529 
30 周辉 201321030535 130599010530 
31 姜维海 201321030536 130599010531 
32 王华齐 201321030538 130599010532 
33 孙逊 201321030539 130599010533 
34 黄崇维 201321030540 130599010534 
35 徐聪 201321030542 130599010535 
01 冯潇强 201321030544 130599010601 
02 崔银 201321030545 130599010602 
03 李刚 201321030546 130599010603 
04 郭冬英 201321030548 130599010604 
05 朱文斌 201321030549 130599010605 
06 谢健 201321030550 130599010606 
07 羊绍林 201321030601 130599010607 
08 奚望 201321030602 130599010608 
09 刘浪 201321030605 130599010609 
10 石玉龙 201321030606 130599010610 
11 刘剑峰 201321030608 130599010611 
12 王著搬 201321030609 130599010612 
13 李奇峰 201321030610 130599010613 
14 陈丹 201321030611 130599010614 
15 刘宇 201321030612 130599010615 
16 王俊陶 201321030613 130599010616 
17 刘海 201321030614 130599010617 
18 李强 201321030615 130599010618 
19 刘富伟 201321030616 130599010619 
20 肖云升 201321030617 130599010620 
21 赵元沛 201321030619 130599010621 
22 王永 201321030620 130599010622 
23 李宜磊 201321030621 130599010623 
24 陈鑫华 201321030623 130599010624 
25 叶剑 201321030624 130599010625 
26 赵治宇 201321030625 130599010626 
27 周嘉 201321030626 130599010627 
28 杨凯 201321030627 130599010628 
29 丁震洲 201321030628 130599010629 
30 彭文平 201321030629 130599010630 
31 刘朝阳 201321030634 130599010631 
32 饶毅恒 201321030640 130599010632 
33 罗敏 201321030641 130599010633 
34 张国龙 201321030642 130599010634 
35 李丽君 201321030643 130599010635 
01 吕青青 201321030646 130599010701 
02 陈祥旭 201321030647 130599010702 
03 吴天健 201321030648 130599010703 
04 陈杨 201321030704 130599010704 
05 李松松 201321030705 130599010705 
06 王胜广 201321030706 130599010706 
07 张毅 201321030710 130599010707 
08 戴银海 201321030711 130599010708 
09 张谦 201321030712 130599010709 
10 周乾隆 201321030713 130599010710 
11 许进 201321030717 130599010711 
12 高斌 201321030718 130599010712 
13 蔡宇 201321030719 130599010713 
14 李志凌 201321030720 130599010714 
15 杨斌 201321030721 130599010715 
16 郑鹏伦 201321030722 130599010716 
17 靳菲 201321030723 130599010717 
18 潘海 201321030724 130599010718 
19 李静维 201321030725 130599010719 
20 龙成 201321030726 130599010720 
21 沈世钊 201321030727 130599010721 
22 陈炳 201321030730 130599010722 
23 熊伟强 201321030731 130599010723 
24 韦志琦 201321030732 130599010724 
25 杜爱宇 201321030733 130599010725 
26 卓慧贤 201321030736 130599010726 
27 王兵 201321030737 130599010727 
28 王逞 201321030738 130599010728 
29 邱瑶 201321030741 130599010729 
30 陈青云 201321040101 130599010730 
31 丁小梅 201321040102 130599010731 
32 胡俊 201321040103 130599010732 
33 杨上元 201321040104 130599010733 
34 雷明达 201321040105 130599010734 
35 丁未 201321040106 130599010735 
01 张溪 201321040107 130599010801 
02 张建伟 201321040108 130599010802 
03 赵桂莲 201321040109 130599010803 
04 刘骞 201321040110 130599010804 
05 杨同斌 201321040111 130599010805 
06 符路遥 201321040112 130599010806 
07 王双跃 201321040113 130599010807 
08 路媛媛 201321040114 130599010808 
09 孙乐 201321040115 130599010809 
10 骆金玲 201321040116 130599010810 
11 张利娟 201321040117 130599010811 
12 石建建 201321040118 130599010812 
13 叶英挺 201321040119 130599010813 
14 马峥 201321040120 130599010814 
15 宋文亮 201321040121 130599010815 
16 韩丰明 201321040122 130599010816 
17 张守超 201321040123 130599010817 
18 黄燕舞 201321040124 130599010818 
19 尹伊 201321040125 130599010819 
20 匡中 201321040126 130599010820 
21 曾泓鑫 201321040127 130599010821 
22 牟洪洋 201321040128 130599010822 
23 黄智良 201321040129 130599010823 
24 张欣欣 201321040130 130599010824 
25 张瑶 201321040131 130599010825 
26 陈璐 201321040132 130599010826 
27 彭昊 201321040133 130599010827 
28 王帅 201321040134 130599010828 
29 张月川 201321040135 130599010829 
30 郝素敏 201321040136 130599010830 
31 宋利 201321040137 130599010831 
32 张基彪 201321040138 130599010832 
33 齐明熙 201321040139 130599010833 
34 高书伟 201321040140 130599010834 
35 张利 201321040141 130599010835 
01 陈奥博 201321040201 130599010901 
02 王帅 201321040202 130599010902 
03 王强 201321040203 130599010903 
04 杜承阳 201321040204 130599010904 
05 银星 201321040205 130599010905 
06 王雪娇 201321040206 130599010906 
07 马兴原 201321040207 130599010907 
08 王海峰 201321040208 130599010908 
09 彭艳君 201321040209 130599010909 
10 羊洪轮 201321040210 130599010910 
11 宋朝威 201321040211 130599010911 
12 陈俊驰 201321040212 130599010912 
13 李沙 201321040213 130599010913 
14 冯慧君 201321040214 130599010914 
15 辛欢 201321040215 130599010915 
16 李军伟 201321040216 130599010916 
17 胡建全 201321040217 130599010917 
18 张志才 201321040218 130599010918 
19 李哲轶 201321040219 130599010919 
20 吕飞 201321040220 130599010920 
21 邓万强 201321040221 130599010921 
22 吴迪 201321040222 130599010922 
23 樊星 201321040223 130599010923 
24 熊义高 201321040224 130599010924 
25 孙一藩 201321040225 130599010925 
26 刘海勇 201321040226 130599010926 
27 彭云霄 201321040227 130599010927 
28 匡婷 201321040228 130599010928 
29 张帆 201321040229 130599010929 
30 冉亚华 201321040230 130599010930 
31 盛丽丽 201321040231 130599010931 
32 石胜兵 201321040232 130599010932 
33 孙虎 201321040233 130599010933 
34 陈志新 201321040234 130599010934 
35 邱日成 201321040235 130599010935 
01 王焕烛 201321040236 130599011001 
02 童三强 201321040237 130599011002 
03 刘涛 201321040238 130599011003 
04 李商洋 201321040239 130599011004 
05 王亮 201321040240 130599011005 
06 黄李冬 201321040241 130599011006 
07 刘维满 201321040242 130599011007 
08 吴瑶 201321040301 130599011008 
09 李倩 201321040302 130599011009 
10 田正莉 201321040303 130599011010 
11 牟秋玲 201321040304 130599011011 
12 高鸾凤 201321040305 130599011012 
13 曾爽 201321040306 130599011013 
14 刘俊旭 201321040307 130599011014 
15 陈为美 201321040308 130599011015 
16 龚玉麒 201321040309 130599011016 
17 张亚伟 201321040310 130599011017 
18 何英杰 201321040311 130599011018 
19 尹俊辉 201321040312 130599011019 
20 赵卉 201321040313 130599011020 
21 杨文凯 201321040314 130599011021 
22 马家俊 201321040315 130599011022 
23 刘巧 201321040316 130599011023 
24 欧泽强 201321040317 130599011024 
25 徐琦 201321040318 130599011025 
26 张雷 201321040319 130599011026 
27 夏建波 201321040320 130599011027 
28 王珂 201321040321 130599011028 
29 李贺伟 201321040322 130599011029 
30 聂叼 201321040323 130599011030 
31 赵亚楠 201321040324 130599011031 
32 李昊 201321040325 130599011032 
33 张桂云 201321040326 130599011033 
34 王艳军 201321040327 130599011034 
35 张亭 201321040328 130599011035 
01 江贵力 201321040329 130599011101 
02 冯健龙 201321040330 130599011102 
03 胡少青 201321040331 130599011103 
04 赵加宁 201321040332 130599011104 
05 张亚雄 201321050101 130599011105 
06 李航 201321050102 130599011106 
07 肖竹 201321050103 130599011107 
08 袁阳 201321050105 130599011108 
09 何岗 201321050108 130599011109 
10 付大鹏 201321050109 130599011110 
11 张良超 201321050110 130599011111 
12 谭沛岩 201321050111 130599011112 
13 吴子文 201321050112 130599011113 
14 徐振华 201321050113 130599011114 
15 梁翔 201321050114 130599011115 
16 朱润铭 201321050116 130599011116 
17 尤凤珍 201321050117 130599011117 
18 史倩 201321050118 130599011118 
19 杨凤骁 201321050119 130599011119 
20 杜晓辉 201321050120 130599011120 
21 龙静水 201321050121 130599011121 
22 谭雄雄 201321050124 130599011122 
23 李彪 201321050128 130599011123 
24 吴阳 201321050129 130599011124 
25 雷皓婷 201321050130 130599011125 
26 王耀杰 201321050131 130599011126 
27 杨广辉 201321050133 130599011127 
28 黄伟 201321050136 130599011128 
29 赵一风 201321050137 130599011129 
30 谢淼 201321050201 130599011130 
31 田雕 201321050202 130599011131 
32 高成 201321050203 130599011132 
33 杜尽勃 201321050204 130599011133 
34 邓光磊 201321050205 130599011134 
35 王乐乐 201321050206 130599011135 
01 潘阳骉 201321050207 130599011201 
02 唐海华 201321050210 130599011202 
03 周湘 201321050211 130599011203 
04 刘云飞 201321050212 130599011204 
05 杨少波 201321050214 130599011205 
06 李多 201321050215 130599011206 
07 邱俊傑 201321050216 130599011207 
08 刘聪 201321050217 130599011208 
09 朱晓非 201321050220 130599011209 
10 郑光浩 201321050221 130599011210 
11 郭海博 201321050222 130599011211 
12 梁波 201321050225 130599011212 
13 李卓 201321050226 130599011213 
14 邹修功 201321050227 130599011214 
15 李明阳 201321050228 130599011215 
16 易京亚 201321050229 130599011216 
17 熊竹 201321050230 130599011217 
18 尹欢欢 201321050231 130599011218 
19 梁静坚 201321050232 130599011219 
20 齐洋 201321050234 130599011220 
21 杨其昊 201321050235 130599011221 
22 唐娟 201321050236 130599011222 
23 徐兴贤 201321050237 130599011223 
24 卢磊 201321050304 130599011224 
25 何戒娇 201321050309 130599011225 
26 陆臻 201321050310 130599011226 
27 江阳 201321050311 130599011227 
28 南立园 201321050312 130599011228 
29 钟露 201321050313 130599011229 
30 谢启 201321050314 130599011230 
31 曹靖 201321050315 130599011231 
32 兰宇 201321050318 130599011232 
33 孙文瀚 201321050321 130599011233 
34 王珏 201321050323 130599011234 
35 余瑞华 201321050325 130599011235 
01 程小龙 201321050326 130599011301 
02 徐敏 201321050327 130599011302 
03 胡勇 201321050330 130599011303 
04 郑运昌 201321050331 130599011304 
05 李江阳 201321050332 130599011305 
06 刘曼 201321050333 130599011306 
07 吕文辉 201321050334 130599011307 
08 吴朋林 201321050401 130599011308 
09 崔进 201321050402 130599011309 
10 赵栩澜 201321050403 130599011310 
11 孙站红 201321050404 130599011311 
12 范俊 201321050406 130599011312 
13 胡晓 201321050407 130599011313 
14 顾志冰 201321050408 130599011314 
15 刘燕妮 201321050409 130599011315 
16 王军锋 201321050410 130599011316 
17 包小华 201321050411 130599011317 
18 陈乐毅 201321050413 130599011318 
19 王美娟 201321050414 130599011319 
20 盛浩 201321050415 130599011320 
21 卢满辉 201321050416 130599011321 
22 袁震 201321050419 130599011322 
23 郑伟健 201321050420 130599011323 
24 谢盼云 201321050421 130599011324 
25 刘玉林 201321050423 130599011325 
26 刘怀阳 201321050424 130599011326 
27 胡征 201321050425 130599011327 
28 李宇轩 201321050427 130599011328 
29 陈玉艳 201321050428 130599011329 
30 何鑫 201321050429 130599011330 
31 邹蕊矫 201321050431 130599011331 
32 王蒙 201321050432 130599011332 
33 姚洁 201321050433 130599011333 
34 范凯 201321050434 130599011334 
35 贾超超 201321050436 130599011335 
01 李玉润 201321050501 130599011401 
02 马焱源 201321050502 130599011402 
03 魏纬 201321050503 130599011403 
04 李俊 201321050504 130599011404 
05 郝孟猛 201321050506 130599011405 
06 李杭倩 201321050507 130599011406 
07 叶旭 201321050509 130599011407 
08 石骏 201321050510 130599011408 
09 张利军 201321050511 130599011409 
10 刘韦颖 201321050512 130599011410 
11 连雪艳 201321050513 130599011411 
12 尚敏霞 201321050516 130599011412 
13 黄强 201321050517 130599011413 
14 张琦 201321050520 130599011414 
15 周春雨 201321050521 130599011415 
16 李才能 201321050522 130599011416 
17 丁旭琳 201321050524 130599011417 
18 杨晓霞 201321050525 130599011418 
19 马祥云 201321050527 130599011419 
20 杨小慧 201321050529 130599011420 
21 周殿力 201321050530 130599011421 
22 孙淑燕 201321050531 130599011422 
23 刘新辉 201321050532 130599011423 
24 范惠东 201321050533 130599011424 
25 郑丁 201321050534 130599011425 
26 段宇星 201321050535 130599011426 
27 干逢雨 201321050536 130599011427 
28 程鸿雪 201321050537 130599011428 
29 谢佳磬 201321090101 130599011429 
30 蒲诚 201321090102 130599011430 
31 程睿 201321090103 130599011431 
32 郑晓晓 201321090104 130599011432 
33 潘智慧 201321090201 130599011433 
34 沈雪 201321090202 130599011434 
35 郭中遨 201321090203 130599011435 
01 李丹 201321090204 130599011501 
02 刘亚珍 201321090205 130599011502 
03 乔智 201321090206 130599011503 
04 张密青 201321090207 130599011504 
05 唐旭 201321090208 130599011505 
06 时明阳 201321090209 130599011506 
07 程燕 201321090210 130599011507 
08 刘冬青 201321090211 130599011508 
09 陈银 201321090213 130599011509 
10 康娟娟 201321090301 130599011510 
11 唐强 201321090302 130599011511 
12 脱永东 201321090303 130599011512 
13 钟哲锦 201321090304 130599011513 
14 李文超 201321090305 130599011514 
15 刘东博 201321090306 130599011515 
16 陈泽黎 201321090307 130599011516 
17 罗森 201321090308 130599011517 
18 杨超 201321090309 130599011518 
19 赵然琳 201321090310 130599011519 
20 朱盼盼 201321090311 130599011520 
21 张杏杏 201321090401 130599011521 
22 曾岑 201321090402 130599011522 
23 崔砚 201321090403 130599011523 
24 黄梦婷 201321090404 130599011524 
25 杨阳 201321090405 130599011525 
26 张莹 201321090406 130599011526 
27 李惠 201321090407 130599011527 
28 任燕泽 201321090408 130599011528 
29 高罗彬 201321090409 130599011529 
30 余欢 201321090410 130599011530 
31 孙泽光 201321090411 130599011531 
32 高敏 201321090412 130599011532 
33 王敏 201321090413 130599011533 
34 韦日珍 201321090414 130599011534 
35 李宜博 201321090415 130599011535 
01 庞雅静 201321090416 130599011601 
02 韩少强 201321090417 130599011602 
03 程禄祺 201321090418 130599011603 
04 毕文伟 201321090419 130599011604 
05 徐晓捷 201321090420 130599011605 
06 唐令利 201321090421 130599011606 
07 王旭睿 201321090422 130599011607 
08 李发礼 201321090423 130599011608 
09 赵浩 201321090424 130599011609 
10 陈备 201321090425 130599011610 
11 李凯 201321090426 130599011611 
12 王曾亦 201321220101 130599011612 
13 周波 201321220102 130599011613 
14 李景宇 201321220103 130599011614 
15 俞丽颖 201321220104 130599011615 
16 雷林 201321220105 130599011616 
17 黄一鸣 201321220106 130599011617 
18 李志强 201321220107 130599011618 
19 赵立斌 201321220108 130599011619 
20 王斌斌 201321220109 130599011620 
21 杨乐 201321220110 130599011621 
22 徐加文 201321220111 130599011622 
23 刘明鸣 201321220112 130599011623 
24 吴亚骏 201321220113 130599011624 
25 邓玉林 201321220114 130599011625 
26 陆霖霖 201321220115 130599011626 
27 秦慎强 201321220116 130599011627 
28 徐朋 201321220117 130599011628 
29 郑亚斌 201321220118 130599011629 
30 刘黎民 201321220119 130599011630 
31 陆怀军 201321220120 130599011631 
32 王硕 201321220121 130599011632 
33 万士宁 201321220122 130599011633 
34 李大川 201321220123 130599011634 
35 杨光 201321220124 130599011635 
01 刘东萌 201321220125 130599011701 
02 杨龙军 201321220126 130599011702 
03 方鹏 201321220127 130599011703 
04 孙超群 201321220128 130599011704 
05 高红 201321220129 130599011705 
06 李玉欢 201321220130 130599011706 
07 熊威 201322030102 130599011707 
08 龚其海 201322030103 130599011708 
09 华晋书 201322030104 130599011709 
10 黄文俊 201322030105 130599011710 
11 王康 201322030109 130599011711 
12 刘皓 201322030110 130599011712 
13 徐仕伟 201322030116 130599011713 
14 谭立 201322030117 130599011714 
15 李耀合 201322030127 130599011715 
16 刘伟忠 201322030132 130599011716 
17 蒋佳君 201322030136 130599011717 
18 王齐尉 201322030137 130599011718 
19 冯占卫 201322030138 130599011719 
20 王威 201322030139 130599011720 
21 张小六 201322030140 130599011721 
22 富浩宇 201322030203 130599011722 
23 杨楠 201322030204 130599011723 
24 古云飞 201322030208 130599011724 
25 李建 201322030209 130599011725 
26 程武 201322030210 130599011726 
27 唐亚超 201322030215 130599011727 
28 萧寒 201322030216 130599011728 
29 李桂英 201322030222 130599011729 
30 李金朋 201322030226 130599011730 
31 向飞翔 201322030227 130599011731 
32 王骥 201322030228 130599011732 
33 韩冬 201322030234 130599011733 
34 尹超 201322030246 130599011734 
35 代刚 201322030251 130599011735 
01 叶珂 201322030252 130599011801 
02 杨珏琳 201322030258 130599011802 
03 芮松鹏 201322030264 130599011803 
04 袁超 201322030268 130599011804 
05 马云利 201322030314 130599011805 
06 于全东 201322030315 130599011806 
07 詹遥 201322030322 130599011807 
08 李昀义 201322030323 130599011808 
09 徐川 201322030324 130599011809 
10 李云鹏 201322030333 130599011810 
11 陶子豪 201322030334 130599011811 
12 吴肖 201322030335 130599011812 
13 刘聂 201322030336 130599011813 
14 董艾华 201322030337 130599011814 
15 马健 201322030342 130599011815 
16 雷瑶 201322030403 130599011816 
17 何龙 201322030405 130599011817 
18 王凡 201322030406 130599011818 
19 张鹏 201322030409 130599011819 
20 方梓烜 201322030411 130599011820 
21 杨翼晞 201322030414 130599011821 
22 刘豪 201322030428 130599011822 
23 潘忻强 201322030433 130599011823 
24 夏勇 201322030436 130599011824 
25 石伟 201322030442 130599011825 
26 黄武林 201322030445 130599011826 
27 宋利杰 201322030501 130599011827 
28 柴瑞娥 201322030508 130599011828 
29 刘沙沙 201322030512 130599011829 
30 胡猛 201322030518 130599011830 
31 张煦 201322030519 130599011831 
32 李小龙 201322030523 130599011832 
33 秦俊 201322030528 130599011833 
34 刘翰林 201322030530 130599011834 
35 唐浩月 201322030532 130599011835 
01 王洪斌 201322030533 130599011901 
02 周小龙 201322030537 130599011902 
03 陈虹宇 201322030541 130599011903 
04 王丽 201322030543 130599011904 
05 张庆重 201322030547 130599011905 
06 吴佳翼 201322030551 130599011906 
07 卢乐杰 201322030603 130599011907 
08 梁孝彬 201322030604 130599011908 
09 姚宗影 201322030607 130599011909 
10 王骆 201322030618 130599011910 
11 田晓洁 201322030622 130599011911 
12 沈结 201322030630 130599011912 
13 张肇吉 201322030631 130599011913 
14 赵珍祥 201322030632 130599011914 
15 邹志理 201322030633 130599011915 
16 殷亮 201322030635 130599011916 
17 李加洋 201322030636 130599011917 
18 沈雁飞 201322030637 130599011918 
19 朱英超 201322030638 130599011919 
20 范仁钰 201322030639 130599011920 
21 赵祖静 201322030644 130599011921 
22 李贵栋 201322030645 130599011922 
23 周海澎 201322030649 130599011923 
24 张宁 201322030701 130599011924 
25 祝红玉 201322030702 130599011925 
26 谢茂琼 201322030703 130599011926 
27 陈国琴 201322030707 130599011927 
28 杨婷 201322030708 130599011928 
29 朱凯 201322030709 130599011929 
30 唐光伦 201322030714 130599011930 
31 王艳 201322030715 130599011931 
32 周萍 201322030716 130599011932 
33 王盼 201322030728 130599011933 
34 邹兴强 201322030729 130599011934 
35 李娅玲 201322030734 130599011935 
01 陈垒 201322030735 130599012001 
02 张传波 201322030739 130599012002 
03 胡巍 201322030740 130599012003 
04 何东旭 201322030742 130599012004 
05 李林玲 201322030743 130599012005 
06 丁德成 201322040401 130599012006 
07 尚海艳 201322040402 130599012007 
08 胡琴 201322040403 130599012008 
09 和芯 201322040404 130599012009 
10 唐旭 201322040405 130599012010 
11 杨兴兴 201322040406 130599012011 
12 王立凯 201322040407 130599012012 
13 汪伶俐 201322040408 130599012013 
14 李亚洲 201322040409 130599012014 
15 廖军鹏 201322040410 130599012015 
16 王鑫 201322040411 130599012016 
17 疏峰 201322040412 130599012017 
18 雷霞 201322040413 130599012018 
19 杨锦标 201322040414 130599012019 
20 宋林川 201322040415 130599012020 
21 杨德武 201322040416 130599012021 
22 吴静南 201322040417 130599012022 
23 靖立明 201322040418 130599012023 
24 王志鹏 201322040419 130599012024 
25 戴二虎 201322040420 130599012025 
26 张杰 201322040421 130599012026 
27 谭巍 201322040422 130599012027 
28 王萌发 201322040423 130599012028 
29 陈柏宁 201322040424 130599012029 
30 吴钢雄 201322040425 130599012030 
31 刘坤 201322040426 130599012031 
32 孟祥爱 201322040427 130599012032 
33 冯延坤 201322040428 130599012033 
34 胡昊 201322040429 130599012034 
35 曹稳坤 201322040430 130599012035 
01 唐茂文 201322040431 130599012101 
02 陈聪 201322040432 130599012102 
03 薛永强 201322040433 130599012103 
04 常小萱 201322040434 130599012104 
05 孙万里 201322040435 130599012105 
06 郭振 201322040436 130599012106 
07 时留成 201322040437 130599012107 
08 颜光友 201322040438 130599012108 
09 杨召龙 201322040439 130599012109 
10 党荣 201322040440 130599012110 
11 王璟 201322040441 130599012111 
12 宫振慧 201322040442 130599012112 
13 卿兵 201322040443 130599012113 
14 杨山 201322040444 130599012114 
15 徐盖奇 201322040445 130599012115 
16 刘瑾 201322040446 130599012116 
17 涂珊 201322040447 130599012117 
18 谢杰 201322040448 130599012118 
19 李禧强 201322040449 130599012119 
20 赵强 201322040450 130599012120 
21 杨利亚 201322040451 130599012121 
22 李峰 201322040452 130599012122 
23 江晨 201322040453 130599012123 
24 周圣国 201322040454 130599012124 
25 文庆 201322040455 130599012125 
26 戴文骏 201322040456 130599012126 
27 龚建平 201322040501 130599012127 
28 蒋静 201322040502 130599012128 
29 王萍 201322040503 130599012129 
30 王玉柱 201322040504 130599012130 
31 李亚韦 201322040505 130599012131 
32 李嘉伟 201322040506 130599012132 
33 李曦 201322040507 130599012133 
34 郑馨竹 201322040508 130599012134 
35 郭璐婷 201322040509 130599012135 
01 钟琳琳 201322040510 130599012201 
02 王腾 201322040511 130599012202 
03 彭洋 201322040512 130599012203 
04 胡秀娟 201322040513 130599012204 
05 魏晓琨 201322040514 130599012205 
06 孙艳明 201322040515 130599012206 
07 胡敏 201322040516 130599012207 
08 汪洋 201322040517 130599012208 
09 杨飞 201322040518 130599012209 
10 敬雪玲 201322040519 130599012210 
11 李俊杰 201322040520 130599012211 
12 潘慧宇 201322040521 130599012212 
13 庄乾萌 201322040522 130599012213 
14 张能著 201322040523 130599012214 
15 穆志豪 201322040524 130599012215 
16 周庆岩 201322040525 130599012216 
17 王萃 201322040526 130599012217 
18 张章 201322040527 130599012218 
19 张丽 201322040528 130599012219 
20 丁潘 201322040529 130599012220 
21 耿显坤 201322040530 130599012221 
22 周国华 201322040531 130599012222 
23 白军 201322040532 130599012223 
24 雷梦亚 201322040533 130599012224 
25 张洪 201322040534 130599012225 
26 姜淑华 201322040535 130599012226 
27 何蛟龙 201322040536 130599012227 
28 杨金戈 201322040537 130599012228 
29 王翔 201322040538 130599012229 
30 王鹏 201322040539 130599012230 
31 梁悦 201322040540 130599012231 
32 刘胜刚 201322040541 130599012232 
33 曹玉军 201322040542 130599012233 
34 缪伶娥 201322040543 130599012234 
35 宋丽娜 201322050104 130599012235 
01 任程辉 201322050106 130599012301 
02 童玲 201322050107 130599012302 
03 张勋 201322050115 130599012303 
04 肖石磊 201322050122 130599012304 
05 任书源 201322050123 130599012305 
06 生艳梅 201322050125 130599012306 
07 商红梅 201322050126 130599012307 
08 钟新艳 201322050127 130599012308 
09 吴宗森 201322050132 130599012309 
10 陈奋 201322050134 130599012310 
11 孙榕泽 201322050135 130599012311 
12 韩恋 201322050208 130599012312 
13 洪建军 201322050209 130599012313 
14 刘少荘 201322050213 130599012314 
15 谢朝杰 201322050218 130599012315 
16 寿晓峰 201322050219 130599012316 
17 尹根 201322050223 130599012317 
18 舒慧 201322050224 130599012318 
19 陈沫 201322050233 130599012319 
20 孙晓强 201322050301 130599012320 
21 詹正东 201322050302 130599012321 
22 褚青如 201322050303 130599012322 
23 张倩 201322050305 130599012323 
24 胡丽华 201322050306 130599012324 
25 浦洋 201322050307 130599012325 
26 郑佳 201322050308 130599012326 
27 高峰 201322050316 130599012327 
28 周维成 201322050317 130599012328 
29 杨听月 201322050319 130599012329 
30 胡国媛 201322050320 130599012330 
31 陈昱任 201322050322 130599012331 
32 刘备 201322050324 130599012332 
33 刘莹 201322050328 130599012333 
34 钟信 201322050329 130599012334 
35 张帆 201322050335 130599012335 
01 郭庆瑞 201322050405 130599012401 
02 陈沛丞 201322050412 130599012402 
03 车凯 201322050417 130599012403 
04 胡博 201322050418 130599012404 
05 马家锋 201322050422 130599012405 
06 唐荣 201322050426 130599012406 
07 毛喜玲 201322050430 130599012407 
08 彭田军 201322050435 130599012408 
09 陈伟钦 201322050437 130599012409 
10 刘人华 201322050438 130599012410 
11 张继君 201322050505 130599012411 
12 王亚飞 201322050508 130599012412 
13 刘盾 201322050514 130599012413 
14 曹雪峰 201322050515 130599012414 
15 姚智勇 201322050518 130599012415 
16 吴群 201322050519 130599012416 
17 张伟 201322050523 130599012417 
18 薛瑞 201322050526 130599012418 
19 葛延槟 201322050528 130599012419 
20 王丽娟 201322050538 130599012420 
21 丁爱民 201322090501 130599012421 
22 邓佳燕 201322090502 130599012422 
23 陈星波 201322090503 130599012423 
24 周加兵 201322090504 130599012424 
25 郭策锋 201322090505 130599012425 
26 普璇 201322090506 130599012426 
27 孙权 201322090507 130599012427 
28 陈祥惠 201322090508 130599012428 
29 陈安东 201322090509 130599012429 
30 张允泊 201322090510 130599012430 
31 闫玉龙 201322090511 130599012431 
32 邓炎炎 201322090512 130599012432 
33 吴雪琴 201322090513 130599012433 
34 李志强 201322090514 130599012434 
35 邓洋 201322090515 130599012435 
01 王孟泽 201322090516 130599012501 
02 计得伟 201322090517 130599012502 
03 杨丹 201322090518 130599012503 
04 梁显龙 201322090519 130599012504 
05 曾昭龙 201322090520 130599012505 
06 兰婷 201322090521 130599012506 
07 孙云龙 201322090522 130599012507 
08 伍秀 201322090523 130599012508 
09 陈晓灵 201322120701 130599012509 
10 廖华夏 201322120702 130599012510 
11 蒋龙 201322120703 130599012511 
12 卫龙云 201322120704 130599012512 
13 朱林 201322120705 130599012513 
14 刘微 201322120706 130599012514 
15 李锋峰 201322120707 130599012515 
16 刘礼剑 201322120708 130599012516 
17 钟天祎 201322120709 130599012517 
18 袁延 201322120710 130599012518 
19 唐瑕苓 201322120711 130599012519 
20 赵祺 201322120712 130599012520 
21 罗伟 201322120713 130599012521 
22 陈世伟 201322120714 130599012522 
23 钟昕 201322120715 130599012523 
24 刘兴燕 201322120716 130599012524 
25 杨益 201322120717 130599012525 
26 李花 201322120718 130599012526 
27 刘飞 201322120719 130599012527 
28 汪泉街 201322120720 130599012528 
29 冉玲利 201322120721 130599012529 
30 李诗佳 201322120722 130599012530 
31 韩凌芸 201322120723 130599012531 
32 陈佳 201322120724 130599012532 
33 刘畅 201322120725 130599012533 
34 侯荣 201322120726 130599012534 
35 唐琪 201322120727 130599012535 
01 乐晓佳 201322120728 130599012601 
02 袁丽辉 201322120729 130599012602 
03 向峻宏 201322120730 130599012603 
04 邱德馨 201322120731 130599012604 
05 李昊 201322120732 130599012605 
06 史倩 201322120733 130599012606 
07 廖若宇 201322120734 130599012607 
08 朱沛元 201322120735 130599012608 
09 万顺金 201322120736 130599012609 
10 徐磊 201322120737 130599012610 
11 林东 201322120738 130599012611 
12 杨丽 201322120739 130599012612 
13 刘钰 201322120740 130599012613 
14 李智 201322120741 130599012614 
15 敬凌波 201322120742 130599012615 
16 熊玮 201322120743 130599012616 
17 刘然 201322120744 130599012617 
18 贺丹 201322120745 130599012618 
19 朱锦丰 201322120746 130599012619 
20 蒋龙 201322120747 130599012620 
21 卓飞 201322120748 130599012621 
22 陈然 201322120749 130599012622 
23 周旭菁 201322120750 130599012623 
24 林俊慧 201322120751 130599012624 
25 陈炜 201322120752 130599012625 
26 周琳玲 201322120753 130599012626 
27 文莉 201322120754 130599012627 
28 余韵 201322120755 130599012628 
29 王雪 201322120756 130599012629 
30 李维娜 201322120757 130599012630 
31 毛耘 201322120758 130599012631 
32 周胜 201322120759 130599012632 
33 李玉琪 201322120760 130599012633 
34 易舒 201322120761 130599012634 
35 王卫华 201322120762 130599012635 
01 祁斌 201322120763 130599012701 
02 张幸 201322120764 130599012702 
03 程皞 201322120765 130599012703 
04 邱才亮 201322120766 130599012704 
05 胡娟 201322220201 130599012705 
06 蹇江 201322220202 130599012706 
07 余佳伟 201322220203 130599012707 
08 宫文靖 201322220204 130599012708 
09 杨毅 201322220205 130599012709 
10 陈立培 201322220206 130599012710 
11 李翠娇 201322220207 130599012711 
12 崔刚 201322220208 130599012712 
13 武咏晗 201322220209 130599012713 
14 刘志伟 201322220210 130599012714 
15 胡晓 201322220211 130599012715 
16 蒋自国 201322220212 130599012716 
17 潘冬 201322220213 130599012717 
18 王军正 201322220214 130599012718 
19 娄书青 201322220215 130599012719 
20 田桂香 201322220216 130599012720 
21 朱光辉 201322220217 130599012721 
22 杨龙配 201322220218 130599012722 
23 乔天斐 201322220219 130599012723 
24 蔡人和 201322220220 130599012724 
25 林犷 201322220221 130599012725 
26 廖恒 201322220222 130599012726 
27 刘波 201322220223 130599012727 
28 刘庆 201322220224 130599012728 
29 陈伯胜 201322220225 130599012729 
30 刘洋 201322220226 130599012730 
31 辛强 201322220227 130599012731 
32 陈凌宇 201322220228 130599012732 
33 李袁秀 201322220229 130599012733 
34 王瑶 201322220230 130599012734 
35 蒋亚秋 201322220231 130599012735 
01 曾志强 201322220232 130599012801 
02 杨眷玉 201322220233 130599012802 
03 段宇峰 201322220234 130599012803 
04 史殿岳 201322220235 130599012804 
05 王席敏 201322220236 130599012805 
06 周碧漳 201322220237 130599012806 
07 朱丽英 201322220238 130599012807 
08 杨壹 201322220239 130599012808 
09 杜小清 201322220240 130599012809 
10 李明 201322220241 130599012810 
11 秦小凤 201322220242 130599012811 
12 汤四见 201322220243 130599012812 
13 郝帅 201322220244 130599012813 
14 吴宏 201322220245 130599012814 
15 秦连发 201322220246 130599012815 
16 龙佳宏 201322220247 130599012816 
17 石鹏 201322220248 130599012817 
18 康晓慧 201322220249 130599012818 
19 任化强 201322220250 130599012819 
20 陈阳 201322220251 130599012820 
21 黄小华 201322220252 130599012821 
22 刘京华 201322220253 130599012822 
23 文亮 201322220254 130599012823 
24 潘雄 201322220255 130599012824